{
 "cells": [
  {
   "cell_type": "markdown",
   "metadata": {},
   "source": [
    "Singular value decompositon is a method to decompose a transformation into rotation → scaling → rotation. It is a generalisation of similarity matrix decomposition of square matrices. When you consider arbitrary matrix  A, |Ax|^ 2 maximised at the same x as |Ax|. Thus, |Ax| ^ 2 has the same eigen data as |Ax|. \n",
    "\n",
    "|Ax|2 = (Ax).T * (Ax) = x.T * A.T * A * x\n",
    "\n",
    "Hence, we try to find the eigen values of A , we may just find the eigen values A.T * A.\n"
   ]
  },
  {
   "cell_type": "code",
   "execution_count": 1,
   "metadata": {},
   "outputs": [],
   "source": [
    "import numpy as np"
   ]
  },
  {
   "cell_type": "code",
   "execution_count": 122,
   "metadata": {},
   "outputs": [],
   "source": [
    "def svd(a, tol=1e-5):\n",
    "    M = a.T.dot(a)\n",
    "    eva,eve = np.linalg.eigh(M)\n",
    "    diag = eva[eva.argsort()[::-1]]\n",
    "    V = eve.T[eva.argsort()[::-1]].T\n",
    "    diag = diag[diag > tol] #no absolute value since eigvals are necessarily positive\n",
    "    diag = np.sqrt(diag)\n",
    "    sigma = np.zeros_like(a)\n",
    "    sigma[:diag.size, :diag.size] = np.diag(diag)\n",
    "    u = (a @ V)[:, :diag.size] / diag\n",
    "    if u.shape[0] > u.shape[1]:\n",
    "        u = np.linalg.qr(np.hstack((u, np.random.rand(u.shape[0],u.shape[0] - u.shape[1]))))[0]\n",
    "    if np.allclose(u @ sigma @ V.T, a): print(\"oldu\")\n",
    "    return u,sigma, V.T"
   ]
  },
  {
   "cell_type": "code",
   "execution_count": 125,
   "metadata": {},
   "outputs": [],
   "source": [
    "b = np.random.rand(5,3)"
   ]
  },
  {
   "cell_type": "code",
   "execution_count": 126,
   "metadata": {},
   "outputs": [
    {
     "name": "stdout",
     "output_type": "stream",
     "text": [
      "oldu\n"
     ]
    },
    {
     "data": {
      "text/plain": [
       "(array([[-0.54673826,  0.26546815,  0.76431625, -0.15385624, -0.15084052],\n",
       "        [-0.27117402, -0.2479962 ,  0.10448156,  0.16293115,  0.90967004],\n",
       "        [-0.22679464, -0.89707027,  0.04315701, -0.2627362 , -0.27006719],\n",
       "        [-0.43784726,  0.25024879, -0.51418028, -0.68343475,  0.11916751],\n",
       "        [-0.61999669,  0.02578806, -0.37237129,  0.64317052, -0.25022066]]),\n",
       " array([[2.25795375, 0.        , 0.        ],\n",
       "        [0.        , 0.68343202, 0.        ],\n",
       "        [0.        , 0.        , 0.17256584],\n",
       "        [0.        , 0.        , 0.        ],\n",
       "        [0.        , 0.        , 0.        ]]),\n",
       " array([[-0.65986983, -0.49997057, -0.56089324],\n",
       "        [ 0.35569813, -0.86539875,  0.35293605],\n",
       "        [-0.66185395,  0.03338318,  0.74888912]]))"
      ]
     },
     "execution_count": 126,
     "metadata": {},
     "output_type": "execute_result"
    }
   ],
   "source": [
    "svd(b)"
   ]
  },
  {
   "cell_type": "code",
   "execution_count": 127,
   "metadata": {},
   "outputs": [
    {
     "data": {
      "text/plain": [
       "(array([[-0.54673826, -0.26546815,  0.76431625, -0.08961275, -0.19594428],\n",
       "        [-0.27117402,  0.2479962 ,  0.10448156,  0.8002445 ,  0.46222817],\n",
       "        [-0.22679464,  0.89707027,  0.04315701, -0.16476812, -0.33884814],\n",
       "        [-0.43784726, -0.25024879, -0.51418028,  0.34422203, -0.60232479],\n",
       "        [-0.61999669, -0.02578806, -0.37237129, -0.45380718,  0.51994014]]),\n",
       " array([2.25795375, 0.68343202, 0.17256584]),\n",
       " array([[-0.65986983, -0.49997057, -0.56089324],\n",
       "        [-0.35569813,  0.86539875, -0.35293605],\n",
       "        [-0.66185395,  0.03338318,  0.74888912]]))"
      ]
     },
     "execution_count": 127,
     "metadata": {},
     "output_type": "execute_result"
    }
   ],
   "source": [
    "np.linalg.svd(b)"
   ]
  },
  {
   "cell_type": "code",
   "execution_count": 128,
   "metadata": {},
   "outputs": [],
   "source": [
    "c = np.random.rand(3,5) "
   ]
  },
  {
   "cell_type": "code",
   "execution_count": 129,
   "metadata": {},
   "outputs": [
    {
     "name": "stdout",
     "output_type": "stream",
     "text": [
      "oldu\n"
     ]
    },
    {
     "data": {
      "text/plain": [
       "(array([[-0.64130593, -0.53146507,  0.55341809],\n",
       "        [-0.70973886,  0.68494736, -0.16467504],\n",
       "        [-0.29154322, -0.4983894 , -0.81646222]]),\n",
       " array([[1.83560006, 0.        , 0.        , 0.        , 0.        ],\n",
       "        [0.        , 0.78367455, 0.        , 0.        , 0.        ],\n",
       "        [0.        , 0.        , 0.31065753, 0.        , 0.        ]]),\n",
       " array([[-0.49977669, -0.17516746, -0.31358024, -0.38908046, -0.68543668],\n",
       "        [-0.57169649, -0.40016491, -0.06219865,  0.69722407,  0.15179295],\n",
       "        [-0.6055323 ,  0.21241865,  0.213125  , -0.47769542,  0.5608866 ],\n",
       "        [ 0.19632472, -0.86370569,  0.28168903, -0.34052289,  0.14200189],\n",
       "        [ 0.1348096 , -0.13444407, -0.87921999, -0.13544829,  0.41518326]]))"
      ]
     },
     "execution_count": 129,
     "metadata": {},
     "output_type": "execute_result"
    }
   ],
   "source": [
    "svd(c)"
   ]
  },
  {
   "cell_type": "code",
   "execution_count": 130,
   "metadata": {},
   "outputs": [],
   "source": [
    "def svd(c, tol=1e-5):    \n",
    "    s, V = np.linalg.eigh(c.T @ c)\n",
    "    s2, U = np.linalg.eigh(c @ c.T)\n",
    "    v = V[:,s.argsort()[::-1]]\n",
    "    u = U[:,s2.argsort()[::-1]]\n",
    "\n",
    "    diag = s[s.argsort()[::-1]]\n",
    "    diag = diag[diag > tol] #no absolute value since eigvals are necessarily positive\n",
    "    diag = np.sqrt(diag)\n",
    "    sigma = np.zeros_like(c)\n",
    "    sigma[:diag.size, :diag.size] = np.diag(diag)\n",
    "    \n",
    "    d = u @ sigma @ v.T\n",
    "    if np.allclose(d, c):\n",
    "        print(\"oldu\")\n",
    "    else:\n",
    "        print(c, d, sep=\"\\n\\n\")\n",
    "        print(*np.linalg.svd(c), sep=\"\\n\\n\")\n",
    "        \n",
    "    return u,sigma, v.T"
   ]
  },
  {
   "cell_type": "code",
   "execution_count": 139,
   "metadata": {},
   "outputs": [],
   "source": [
    "a = np.random.rand(5,3)"
   ]
  },
  {
   "cell_type": "code",
   "execution_count": 141,
   "metadata": {},
   "outputs": [
    {
     "name": "stdout",
     "output_type": "stream",
     "text": [
      "oldu\n"
     ]
    },
    {
     "data": {
      "text/plain": [
       "(array([[-0.44860034,  0.55499962,  0.14684701, -0.66963722,  0.14406636],\n",
       "        [-0.45797986, -0.00845939, -0.80106989,  0.19555536,  0.33200605],\n",
       "        [-0.09530725, -0.0569264 , -0.3739378 , -0.2556458 , -0.88458559],\n",
       "        [-0.43610438, -0.8097163 ,  0.22158881, -0.30991589,  0.09498957],\n",
       "        [-0.62429295,  0.18172164,  0.38443713,  0.59324655, -0.27839215]]),\n",
       " array([[2.12162472, 0.        , 0.        ],\n",
       "        [0.        , 0.56378677, 0.        ],\n",
       "        [0.        , 0.        , 0.2981523 ],\n",
       "        [0.        , 0.        , 0.        ],\n",
       "        [0.        , 0.        , 0.        ]]),\n",
       " array([[-0.42142183, -0.67542105, -0.60515291],\n",
       "        [ 0.01646857, -0.67289208,  0.73955732],\n",
       "        [-0.90671518,  0.3016996 ,  0.29469463]]))"
      ]
     },
     "execution_count": 141,
     "metadata": {},
     "output_type": "execute_result"
    }
   ],
   "source": [
    "svd(a)"
   ]
  },
  {
   "cell_type": "code",
   "execution_count": 142,
   "metadata": {},
   "outputs": [
    {
     "data": {
      "text/plain": [
       "(array([[-0.44860034,  0.55499962,  0.14684701, -0.08458225, -0.67971682],\n",
       "        [-0.45797986, -0.00845939, -0.80106989,  0.37789619,  0.07526213],\n",
       "        [-0.09530725, -0.0569264 , -0.3739378 , -0.91942481,  0.05004452],\n",
       "        [-0.43610438, -0.8097163 ,  0.22158881, -0.01241227, -0.32390864],\n",
       "        [-0.62429295,  0.18172164,  0.38443713, -0.06741118,  0.65184307]]),\n",
       " array([2.12162472, 0.56378677, 0.2981523 ]),\n",
       " array([[-0.42142183, -0.67542105, -0.60515291],\n",
       "        [ 0.01646857, -0.67289208,  0.73955732],\n",
       "        [-0.90671518,  0.3016996 ,  0.29469463]]))"
      ]
     },
     "execution_count": 142,
     "metadata": {},
     "output_type": "execute_result"
    }
   ],
   "source": [
    "np.linalg.svd(a)"
   ]
  }
 ],
 "metadata": {
  "kernelspec": {
   "display_name": "Python 3 (ipykernel)",
   "language": "python",
   "name": "python3"
  },
  "language_info": {
   "codemirror_mode": {
    "name": "ipython",
    "version": 3
   },
   "file_extension": ".py",
   "mimetype": "text/x-python",
   "name": "python",
   "nbconvert_exporter": "python",
   "pygments_lexer": "ipython3",
   "version": "3.10.1"
  }
 },
 "nbformat": 4,
 "nbformat_minor": 4
}
